COFF
32 32 0
0.23 0 0 78 63 12 255
0.16 0.16 0 74 12 146 255
-0 0.23 0 132 64 70 255
-0.16 0.16 0 60 111 51 255
-0.23 -0 0 121 125 122 255
-0.16 -0.16 0 120 143 58 255
0 -0.23 0 76 127 79 255
0.16 -0.16 0 0 107 2 255
0.45 0 0 81 37 9 255
0.32 0.32 0 56 98 62 255
0 0.45 0 13 100 2 255
-0.32 0.32 0 30 0 69 255
-0.45 -0 0 28 77 114 255
-0.32 -0.32 0 148 95 72 255
-0 -0.45 0 108 77 47 255
0.32 -0.32 0 121 8 41 255
0.23 0 2 43 55 101 255
0.16 0.16 2 65 80 145 255
-0 0.23 2 46 102 20 255
-0.16 0.16 2 139 14 144 255
-0.23 0 2 20 131 140 255
-0.16 -0.16 2 101 0 75 255
-0 -0.23 2 28 63 128 255
0.16 -0.16 2 42 95 8 255
0.45 0 2 45 55 61 255
0.32 0.32 2 117 63 136 255
-0 0.45 2 3 12 45 255
-0.32 0.32 2 77 63 7 255
-0.45 0 2 125 40 100 255
-0.32 -0.32 2 65 127 17 255
0 -0.45 2 98 38 87 255
0.32 -0.32 2 43 1 76 255
4 0 1 17 16
4 1 2 18 17
4 2 3 19 18
4 3 4 20 19
4 4 5 21 20
4 5 6 22 21
4 6 7 23 22
4 7 0 16 23
4 8 9 25 24
4 9 10 26 25
4 10 11 27 26
4 11 12 28 27
4 12 13 29 28
4 13 14 30 29
4 14 15 31 30
4 15 8 24 31
4 0 1 9 8
4 1 2 10 9
4 2 3 11 10
4 3 4 12 11
4 4 5 13 12
4 5 6 14 13
4 6 7 15 14
4 7 0 8 15
4 16 17 25 24
4 17 18 26 25
4 18 19 27 26
4 19 20 28 27
4 20 21 29 28
4 21 22 30 29
4 22 23 31 30
4 23 16 24 31